3
100 100
200 100
400 100

4
100 100
200 100
400 100
200 200

5
100 100
200 100
400 100
200 200
250 200

6
100 62
120 55
38 70
60 220
345 420
10 317

7
100 100
200 100
400 100
200 200
250 200
200 300
400 300

8
100 100
200 100
400 100
200 200
250 200
200 300
400 300
100 400

9
100 100
200 100
400 100
200 200
250 200
200 300
400 300
100 400
300 400

10
100 100
200 100
400 100
200 200
250 200
200 300
400 300
100 400
300 400
400 200

11
100 100
200 100
400 100
200 200
250 200
200 300
400 300
100 400
300 400
400 200
300 100

12
100 100
200 100
400 100
200 200
250 200
200 300
400 300
100 400
300 400
400 200
300 100
600 100

13
100 100
200 100
400 100
200 200
250 200
200 300
400 300
100 400
300 400
400 200
300 100
600 100
100 600

14
100 100
200 100
400 100
200 200
250 200
200 300
400 300
100 400
300 400
400 200
300 100
600 100
100 600
500 500

15
100 100
200 100
400 100
200 200
250 200
200 300
400 300
100 400
300 400
400 200
300 100
600 100
100 600
500 500
700 600

15
100 100
100 200
100 300
100 400
100 500
200 100
200 200
200 300
200 400
200 500
300 100
300 200
300 300
300 400
300 500
